           1           1   3.1204745460270362     
           2           1   3.3199539863777918     
           3           1   3.3737029295158374     
           4           1   3.2487052858775942     
           5           1   2.9562425200781615     
           6           1   2.5547046185326447     
           7           1   2.1386949697704964     
           8           1   1.8147926791252238     
           9           1   1.6688209090062778     
          10           1   1.7343534102773341     
          11           1   1.9751508480201052     
          12           1   2.2922958571617955     
          13           1   2.5584948418017488     
          14           1   2.6694310887938610     
          15           1   2.5911118792475141     
          16           1   2.3798966751305608     
          17           1   2.1619286651233844     
          18           1   2.0777505983312863     
          19           1   2.2164314215755687     
          20           1   2.5708391637289996     
          21           1   3.0365580008010351     
          22           1   3.4555011536820350     
          23           1   3.6830473155131469     
          24           1   3.6466624597715960     
          25           1   3.3699338384729947     
          26           1   2.9545371437156231     
          27           1   2.5330412907712514     
          28           1   2.2169447205651207     
          29           1   2.0624023547839179     
 
           1           2   3.3041897755829366     
           2           2   3.4395519667499768     
           3           2   3.4301767984692906     
           4           2   3.2607959234171262     
           5           2   2.9509154494281318     
           6           2   2.5547046185326447     
           7           2   2.1520770156126439     
           8           2   1.8311522661869410     
           9           2   1.6647570386204431     
          10           2   1.6867129784943513     
          11           2   1.8761209579887987     
          12           2   2.1577589141160671     
          13           2   2.4225974473530743     
          14           2   2.5647094083900859     
          15           2   2.5224192086677886     
          16           2   2.3068566184254964     
          17           2   2.0037400627581392     
          18           2   1.7444241811383452     
          19           2   1.6559268228174397     
          20           2   1.8101108155620729     
          21           2   2.1937124525266993     
          22           2   2.7121356047054967     
          23           2   3.2249530779423430     
          24           2   3.5972877455267609     
          25           2   3.7453572796833936     
          26           2   3.6588097099286054     
          27           2   3.3940927504187521     
          28           2   3.0457345399743487     
          29           2   2.7101255189790341     
 
           1           3   3.4623820881901630     
           2           3   3.5244737300471818     
           3           3   3.4539247728822646     
           4           3   3.2489567490111995     
           5           3   2.9332900133581687     
           6           3   2.5547046185326447     
           7           3   2.1783177352885348     
           8           3   1.8745647874081766     
           9           3   1.7031210722894135     
          10           3   1.6958517361863763     
          11           3   1.8437239111588009     
          12           3   2.0933051213856007     
          13           3   2.3568742838359245     
          14           3   2.5360020539686192     
          15           3   2.5528648782782062     
          16           3   2.3789494713898827     
          17           3   2.0497911205631509     
          18           3   1.6583016396689718     
          19           3   1.3270877462224160     
          20           3   1.1687532835004817     
          21           3   1.2485647331265637     
          22           3   1.5633366281688799     
          23           3   2.0440016270754158     
          24           3   2.5799210014798506     
          25           3   3.0547998183581297     
          26           3   3.3805823119367955     
          27           3   3.5180014592765461     
          28           3   3.4789140601570288     
          29           3   3.3129020186061138     
 
           1           4   3.5714684462329331     
           2           4   3.5609840896701965     
           3           4   3.4386112204960870     
           4           4   3.2112749435816954     
           5           4   2.9032979486523525     
           6           4   2.5547046185326447     
           7           4   2.2165945699757152     
           8           4   1.9434283588439230     
           9           4   1.7826303302617639     
          10           4   1.7629537317288340     
          11           4   1.8843124288844451     
          12           4   2.1126365089569186     
          13           4   2.3830091644629721     
          14           4   2.6124565921609824     
          15           4   2.7205716382148601     
          16           4   2.6527421180790398     
          17           4   2.3986561780475810     
          18           4   1.9992294571301614     
          19           4   1.5384123602567270     
          20           4   1.1214612846222540     
          21           4  0.84620297346900109     
          22           4  0.77650508470264779     
          23           4  0.92640457566002543     
          24           4   1.2594347625418940     
          25           4   1.7022745567259312     
          26           4   2.1671290686970548     
          27           4   2.5750023149072829     
          28           4   2.8728223017170591     
          29           4   3.0405070344993033     
 
           1           5   3.6101975714728001     
           2           5   3.5384517209482067     
           3           5   3.3805188103596526     
           4           5   3.1475470817010165     
           5           5   2.8616852373368915     
           6           5   2.5547046185326447     
           7           5   2.2651410097757085     
           8           5   2.0337356430771578     
           9           5   1.8971639457681988     
          10           5   1.8805797690307597     
          11           5   1.9902837501468260     
          12           5   2.2085415161859614     
          13           5   2.4927995797648292     
          14           5   2.7809195123193837     
          15           5   3.0025231722757684     
          16           5   3.0944919575353089     
          17           5   3.0168266882655876     
          18           5   2.7642659058880956     
          19           5   2.3697968406443621     
          20           5   1.8984060611768363     
          21           5   1.4324061911427901     
          22           5   1.0523624505751761     
          23           5  0.81901708121945982     
          24           5  0.76116153921872431     
          25           5  0.87234231789688133     
          26           5   1.1164242756314537     
          27           5   1.4394390904673764     
          28           5   1.7836804705172105     
          29           5   2.1000184412347709     
 
           1           6   3.5632215972292620     
           2           6   3.4510795328118786     
           3           6   3.2792070634939905     
           4           6   3.0594299139002183     
           5           6   2.8099967429726966     
           6           6   2.5547046185326447     
           7           6   2.3213612160540467     
           8           6   2.1393689622329601     
           9           6   2.0362651343530445     
          10           6   2.0333034236634320     
          11           6   2.1405997535989729     
          12           6   2.3528568094547420     
          13           6   2.6470086553142171     
          14           6   2.9830644151758516     
          15           6   3.3088584485983947     
          16           6   3.5684066117178816     
          17           6   3.7124049114019648     
          18           6   3.7084964460551144     
          19           6   3.5486560873816710     
          20           6   3.2515876212272521     
          21           6   2.8592884386282162     
          22           6   2.4285288663021918     
          23           6   2.0193929877791827     
          24           6   1.6837713522589506     
          25           6   1.4565568096827355     
          26           6   1.3513625756892678     
          27           6   1.3612122268133400     
          28           6   1.4633155418513164     
          29           6   1.6261468515589881     
 
           1           7   3.4241575428404727     
           2           7   3.2991424557343425     
           3           7   3.1378346347438684     
           4           7   2.9504085321228355     
           5           7   2.7504862393228331     
           6           7   2.5547046185326447     
           7           7   2.3820315562754861     
           8           7   2.2526627300465512     
           9           7   2.1863206957628578     
          10           7   2.1998795901030319     
          11           7   2.3044573052175426     
          12           7   2.5024047555843074     
          13           7   2.7848812613544567     
          14           7   3.1308175511544518     
          15           7   3.5079400103771787     
          16           7   3.8761396729682542     
          17           7   4.1928921069327849     
          18           7   4.4198305506106177     
          19           7   4.5291419116932818     
          20           7   4.5083567895880527     
          21           7   4.3624043756327922     
          22           7   4.1124339566078385     
          23           7   3.7916864805231443     
          24           7   3.4393997918168941     
          25           7   3.0941462382479670     
          26           7   2.7880257905902126     
          27           7   2.5427942248820381     
          28           7   2.3684276291039597     
          29           7   2.2640006330236746     
 
           1           8   3.1975286249320587     
           2           8   3.0895031222063905     
           3           8   2.9630875061297912     
           4           8   2.8255841816676988     
           5           8   2.6859636280845383     
           6           8   2.5547046185326447     
           7           8   2.4435614920184263     
           8           8   2.3651499614954168     
           9           8   2.3322227190639402     
          10           8   2.3565395078502602     
          11           8   2.4473320035144801     
          12           8   2.6095079921293274     
          13           8   2.8418944664117363     
          14           8   3.1359323878553780     
          15           8   3.4752549971573008     
          16           8   3.8364756935760895     
          17           8   4.1912864665649954     
          18           8   4.5096708526781359     
          19           8   4.7637446282862417     
          20           8   4.9315389690775788     
          21           8   5.0000000000000000     
          22           8   4.9666169628094936     
          23           8   4.8393770422217042     
          24           8   4.6351025774273502     
          25           8   4.3765602985210244     
          26           8   4.0889569803453405     
          27           8   3.7965019447640320     
          28           8   3.5196226719171215     
          29           8   3.2732076971970114     
 
           1           9   2.8991396546069237     
           2           9   2.8352839522176936     
           3           9   2.7647118416496768     
           4           9   2.6913079823492754     
           5           9   2.6195987248279242     
           6           9   2.5547046185326447     
           7           9   2.5022789171485695     
           8           9   2.4683817696826482     
           9           9   2.4592275811883115     
          10           9   2.4807513560597494     
          11           9   2.5379734665801710     
          12           9   2.6341983940640152     
          13           9   2.7701499490046348     
          14           9   2.9432046333919524     
          15           9   3.1469152592805103     
          16           9   3.3710022196989824     
          17           9   3.6019243520180360     
          18           9   3.8240342400818892     
          19           9   4.0211971254102474     
          20           9   4.1786397998950573     
          21           9   4.2847268487730590     
          22           9   4.3323572714641978     
          23           9   4.3197388422836998     
          24           9   4.2504160626938541     
          25           9   4.1325712582551501     
          26           9   3.9777524381398881     
          27           9   3.7992752409736350     
          28           9   3.6105812873027601     
          29           9   3.4238095288700134     
 
           1          10   2.5547046185326447     
           2          10   2.5547046185326447     
           3          10   2.5547046185326447     
           4          10   2.5547046185326447     
           5          10   2.5547046185326447     
           6          10   2.5547046185326447     
           7          10   2.5547046185326447     
           8          10   2.5547046185326447     
           9          10   2.5547046185326447     
          10          10   2.5547046185326447     
          11          10   2.5547046185326447     
          12          10   2.5547046185326447     
          13          10   2.5547046185326447     
          14          10   2.5547046185326447     
          15          10   2.5547046185326447     
          16          10   2.5547046185326447     
          17          10   2.5547046185326447     
          18          10   2.5547046185326447     
          19          10   2.5547046185326447     
          20          10   2.5547046185326447     
          21          10   2.5547046185326447     
          22          10   2.5547046185326447     
          23          10   2.5547046185326447     
          24          10   2.5547046185326447     
          25          10   2.5547046185326447     
          26          10   2.5547046185326447     
          27          10   2.5547046185326447     
          28          10   2.5547046185326447     
          29          10   2.5547046185326447     
 
           1          11   2.1968548693708838     
           2          11   2.2692218670168298     
           3          11   2.3462578755364469     
           4          11   2.4231390514713662     
           5          11   2.4945229745634880     
           6          11   2.5547046185326447     
           7          11   2.5977866012347501     
           8          11   2.6178989879465244     
           9          11   2.6095128646637611     
          10          11   2.5678831171262755     
          11          11   2.4896259631681819     
          12          11   2.3733892132443901     
          13          11   2.2205189071706624     
          14          11   2.0355813914590470     
          15          11   1.8265826313024272     
          16          11   1.6047493370822343     
          17          11   1.3838018864231931     
          18          11   1.1787467070884816     
          19          11   1.0043238916355026     
          20          11  0.87333644023060064     
          21          11  0.79513484950606661     
          22          11  0.77451915479932298     
          23          11  0.81124985913978975     
          24          11  0.90024535976400388     
          25          11   1.0324139886134271     
          26          11   1.1959546352005705     
          27          11   1.3778868265258561     
          28          11   1.5655527062348586     
          29          11   1.7478683772978658     
 
           1          12   1.8609511036313711     
           2          12   2.0012122120151492     
           3          12   2.1525779589935561     
           4          12   2.3036793247060650     
           5          12   2.4420295009321964     
           6          12   2.5547046185326447     
           7          12   2.6290755907432874     
           8          12   2.6536183518812217     
           9          12   2.6188409148534295     
          10          12   2.5183403846971446     
          11          12   2.3499379314735571     
          12          12   2.1167484104503367     
          13          12   1.8279537914704431     
          14          12   1.4990041536726260     
          15          12   1.1509999446262260     
          16          12  0.80912811923820882     
          17          12  0.50021702946270630     
          18          12  0.24969572632342213     
          19          12   7.8430067059884159E-002
          20          12   0.0000000000000000     
          21          12   1.8942055279619577E-002
          22          12  0.13030864013481291     
          23          12  0.32063143788237358     
          24          12  0.57008853311717467     
          25          12  0.85543908812819658     
          26          12   1.1531639784298402     
          27          12   1.4422603913960759     
          28          12   1.7062687004089223     
          29          12   1.9343155372727221     
 
           1          13   1.5803445851871474     
           2          13   1.7715022321920011     
           3          13   1.9857084861640200     
           4          13   2.2026015494684268     
           5          13   2.3997716476656956     
           6          13   2.5547046185326447     
           7          13   2.6468351631203144     
           8          13   2.6596086143351125     
           9          13   2.5824616581181932     
          10          13   2.4125971018289669     
          11          13   2.1563466155691375     
          12          13   1.8298216625454278     
          13          13   1.4585046501110592     
          14          13   1.0754902365543164     
          15          13  0.71828392649189543     
          16          13  0.42438286120485896     
          17          13  0.22622522078781673     
          18          13  0.14638387965369698     
          19          13  0.19398165986135216     
          20          13  0.36315160911778094     
          21          13  0.63396839959613938     
          22          13  0.97573300129875462     
          23          13   1.3519548789516038     
          24          13   1.7260008532173412     
          25          13   2.0662738362761530     
          26          13   2.3499682430983015     
          27          13   2.5648529061488512     
          28          13   2.7090268812590521     
          29          13   2.7890354633583403     
 
           1          14   1.3818419988288313     
           2          14   1.5970696587419055     
           3          14   1.8554774986271123     
           4          14   2.1249723699388063     
           5          14   2.3697442462881848     
           6          14   2.5547046185326447     
           7          14   2.6500906595014495     
           8          14   2.6357247026666579     
           9          14   2.5044579893771406     
          10          14   2.2643525420489352     
          11          14   1.9391685129185825     
          12          14   1.5667769353490180     
          13          14   1.1952855853703757     
          14          14  0.87700364470251380     
          15          14  0.66086252774243293     
          16          14  0.58444246388597076     
          17          14  0.66713918913928483     
          18          14  0.90604813582537413     
          19          14   1.2757342545512222     
          20          14   1.7322365517356852     
          21          14   2.2206339626370677     
          22          14   2.6845824975444956     
          23          14   3.0757223969176306     
          24          14   3.3609219850917249     
          25          14   3.5259502550030124     
          26          14   3.5751441956589058     
          27          14   3.5276455219627136     
          28          14   3.4115237970615255     
          29          14   3.2573949743818833     
 
           1          15   1.2821049994733844     
           2          15   1.4892121865013166     
           3          15   1.7686698450186402     
           4          15   2.0743328397701482     
           5          15   2.3533037450506162     
           6          15   2.5547046185326447     
           7          15   2.6386280810264968     
           8          15   2.5837850518710077     
           9          15   2.3925441768220015     
          10          15   2.0923749628162800     
          11          15   1.7331294618849078     
          12          15   1.3801397749452009     
          13          15   1.1037942380227261     
          14          15  0.96704666308623388     
          15          15   1.0130554725863297     
          16          15   1.2555780717243765     
          17          15   1.6745788665185410     
          18          15   2.2185972580224811     
          19          15   2.8138753111400998     
          20          15   3.3784619821649802     
          21          15   3.8380653569896381     
          22          15   4.1398456763316833     
          23          15   4.2608854372126022     
          24          15   4.2095922337091816     
          25          15   4.0202794539835986     
          26          15   3.7429624820889140     
          27          15   3.4314390604004701     
          28          15   3.1327389135296539     
          29          15   2.8801546073832101     
 
           1          16   1.2855644690646282     
           2          16   1.4524161408573728     
           3          16   1.7284994952724511     
           4          16   2.0524979138754507     
           5          16   2.3511188112750596     
           6          16   2.5547046185326447     
           7          16   2.6129566076336062     
           8          16   2.5073132382621144     
           9          16   2.2571319047900236     
          10          16   1.9179883595895719     
          11          16   1.5719161478813455     
          12          16   1.3110477281443198     
          13          16   1.2176659312362375     
          14          16   1.3448409990397301     
          15          16   1.7022517682768070     
          16          16   2.2511281170270956     
          17          16   2.9103797550595378     
          18          16   3.5731760057539197     
          19          16   4.1302497820637099     
          20          16   4.4940188401119308     
          21          16   4.6171258762428371     
          22          16   4.5005311665649250     
          23          16   4.1894186185283511     
          24          16   3.7588239527528025     
          25          16   3.2937700165802077     
          26          16   2.8698288041644378     
          27          16   2.5391652659278412     
          28          16   2.3247689823758955     
          29          16   2.2227520774797851     
 
           1          17   1.3841767297463998     
           2          17   1.4840631694306485     
           3          17   1.7344262506948789     
           4          17   2.0594783915918278     
           5          17   2.3631543843507057     
           6          17   2.5547046185326447     
           7          17   2.5742467190305729     
           8          17   2.4112110930956998     
           9          17   2.1102769975138953     
          10          17   1.7625267608751796     
          11          17   1.4833549658122718     
          12          17   1.3822572243382905     
          13          17   1.5321359671938215     
          14          17   1.9464936957431962     
          15          17   2.5714124229756354     
          16          17   3.2955968066356176     
          17          17   3.9767158026751597     
          18          17   4.4772174489772354     
          19          17   4.6994512474151957     
          20          17   4.6097255598519569     
          21          17   4.2442387671912796     
          22          17   3.6956575190383409     
          23          17   3.0853720048210405     
          24          17   2.5307816177197728     
          25          17   2.1177825383112778     
          26          17   1.8858445217123669     
          27          17   1.8280428699130029     
          28          17   1.9032864551756314     
          29          17   2.0546619977046547     
 
           1          18   1.5590378629401889     
           2          18   1.5750015153613768     
           3          18   1.7823288177721146     
           4          18   2.0935264873116681     
           5          18   2.3886870906267261     
           6          18   2.5547046185326447     
           7          18   2.5242516751920752     
           8          18   2.3013948948357590     
           9          18   1.9646093141575867     
          10          18   1.6450297676077665     
          11          18   1.4857935349849798     
          12          18   1.5947614521619251     
          13          18   2.0056919372099018     
          14          18   2.6610274617383385     
          15          18   3.4231165961761367     
          16          18   4.1116358808488895     
          17          18   4.5560275212282120     
          18          18   4.6461294147417647     
          19          18   4.3642335763975639     
          20          18   3.7879918997237829     
          21          18   3.0638423934407335     
          22          18   2.3610309941407279     
          23          18   1.8226853107855481     
          24          18   1.5302585201748644     
          25          18   1.4913655210491947     
          26          18   1.6515867629820695     
          27          18   1.9223507250594039     
          28          18   2.2127920166390478     
          29          18   2.4545286341689905     
 
           1          19   1.7835573545967109     
           2          19   1.7108925936107566     
           3          19   1.8650125425368218     
           4          19   2.1513008700959979     
           5          19   2.4263512072453692     
           6          19   2.5547046185326447     
           7          19   2.4652153603179117     
           8          19   2.1844125220007227     
           9          19   1.8323131575059435     
          10          19   1.5803533861900538     
          11          19   1.5859690569735096     
          12          19   1.9281017759225552     
          13          19   2.5686327420636221     
          14          19   3.3558691596781114     
          15          19   4.0707323045397352     
          16          19   4.4998963542104251     
          17          19   4.5092052319751712     
          18          19   4.0899208854100664     
          19          19   3.3605355627550235     
          20          19   2.5241862621355620     
          21          19   1.7989781680427204     
          22          19   1.3483512777569695     
          23          19   1.2368872228685786     
          24          19   1.4248786021922870     
          25          19   1.7985143790873825     
          26          19   2.2192517880092466     
          27          19   2.5712482856116776     
          28          19   2.7904137701633895     
          29          19   2.8690965073030514     
 
           1          20   2.0276307130471420     
           2          20   1.8741385711291527     
           3          20   1.9729968781986600     
           4          20   2.2281407298964080     
           5          20   2.4742150359491544     
           6          20   2.5547046185326447     
           7          20   2.3997660301193591     
           8          20   2.0670502940038071     
           9          20   1.7242023119267540     
          10          20   1.5777992587564595     
          11          20   1.7784338138689295     
          12          20   2.3439196715769746     
          13          20   3.1362394828227353     
          14          20   3.9052273518038554     
          15          20   4.3828108652247675     
          16          20   4.3888702009832912     
          17          20   3.9038543350017285     
          18          20   3.0773192105813059     
          19          20   2.1694588483816464     
          20          20   1.4517280729833082     
          21          20   1.1093077075751296     
          22          20   1.1849185702715521     
          23          20   1.5826840125071069     
          24          20   2.1232622969455277     
          25          20   2.6208405988701933     
          26          20   2.9477746974184056     
          27          20   3.0638244146948792     
          28          20   3.0063222131981244     
          29          20   2.8546797136499107     
 
           1          21   2.2620920205739941     
           2          21   2.0461178734801226     
           3          21   2.0954977601249918     
           4          21   2.3184307197169640     
           5          21   2.5298869341784509     
           6          21   2.5547046185326447     
           7          21   2.3307944341570055     
           8          21   1.9559362785017282     
           9          21   1.6489267808405415     
          10          21   1.6403280156194806     
          11          21   2.0464735747085876     
          12          21   2.7919865868621567     
          13          21   3.6239040223992518     
          14          21   4.2152715543655708     
          15          21   4.3107025996361577     
          16          21   3.8442518882344578     
          17          21   2.9726963505770780     
          18          21   2.0086432191873604     
          19          21   1.2865971853891851     
          20          21   1.0262026797356338     
          21          21   1.2549026101475347     
          22          21   1.8196575968532454     
          23          21   2.4727249194138321     
          24          21   2.9836419623374644     
          25          21   3.2240835274989537     
          26          21   3.1935334305816951     
          27          21   2.9869440594432572     
          28          21   2.7318591934723404     
          29          21   2.5299288778832234     
 
           1          22   2.4627028392362535     
           2          22   2.2094163585756852     
           3          22   2.2214975357294042     
           4          22   2.4160301116722462     
           5          22   2.5906482147153249     
           6          22   2.5547046185326447     
           7          22   2.2613162798227568     
           8          22   1.8571514457934988     
           9          22   1.6123527091694245     
          10          22   1.7644026392944236     
          11          22   2.3643586056826109     
          12          22   3.2177687768397338     
          13          22   3.9616015926342429     
          14          22   4.2414220042829491     
          15          22   3.8946067156697022     
          16          22   3.0398813126944786     
          17          22   2.0243362278322254     
          18          22   1.2569544919107039     
          19          22   1.0178437579890387     
          20          22   1.3412940981005763     
          21          22   2.0257039268219064     
          22          22   2.7528888512415177     
          23          22   3.2447472940183149     
          24          22   3.3755225480335040     
          25          22   3.1930487943263599     
          26          22   2.8566494644206273     
          27          22   2.5397515509969888     
          28          22   2.3521968665060777     
          29          22   2.3138416023315500     
 
           1          23   2.6130483141531573     
           2          23   2.3497504088801424     
           3          23   2.3407842412584170     
           4          23   2.5147317379040066     
           5          23   2.6536070749749983     
           6          23   2.5547046185326447     
           7          23   2.1943223785615302     
           8          23   1.7758680273872152     
           9          23   1.6171628983788542     
          10          23   1.9404819853267397     
          11          23   2.7006648889350631     
          12          23   3.5704537320911225     
          13          23   4.1053584279988122     
          14          23   3.9948719796369998     
          15          23   3.2484397965870326     
          16          23   2.2019595905578306     
          17          23   1.3398573273254031     
          18          23   1.0387203218717052     
          19          23   1.3812907321312069     
          20          23   2.1404233071306953     
          21          23   2.9270415253421938     
          22          23   3.4031710677508893     
          23          23   3.4362886551795047     
          24          23   3.1218567704611422     
          25          23   2.6864120965966780     
          26          23   2.3472551839300810     
          27          23   2.2124769322790065     
          28          23   2.2632610452376380     
          29          23   2.4047055888595734     
 
           1          24   2.7059403282121095     
           2          24   2.4573344659251855     
           3          24   2.4448460100241025     
           4          24   2.6087112087152713     
           5          24   2.7158644304549919     
           6          24   2.5547046185326447     
           7          24   2.1326238571214491     
           8          24   1.7160415790500905     
           9          24   1.6627227115445131     
          10          24   2.1541363838467218     
          11          24   3.0222793254982276     
          12          24   3.8102815189250774     
          13          24   4.0438400080564794     
          14          24   3.5375214073567269     
          15          24   2.5284065766350556     
          16          24   1.5438150743981716     
          17          24   1.0887708659923563     
          18          24   1.3562327993871215     
          19          24   2.1398418213112613     
          20          24   2.9878824961977641     
          21          24   3.4815636918473478     
          22          24   3.4559758172061441     
          23          24   3.0415308929006333     
          24          24   2.5325310199075348     
          25          24   2.1932754168962267     
          26          24   2.1275309049303157     
          27          24   2.2709502251831024     
          28          24   2.4778750407388790     
          29          24   2.6254272145334494     
 
           1          25   2.7432219998088816     
           2          25   2.5275404719580132     
           3          25   2.5275260259496228     
           4          25   2.6929261841960046     
           5          25   2.7746798890424205     
           6          25   2.5547046185326447     
           7          25   2.0787032123915026     
           8          25   1.6801859053600090     
           9          25   1.7452392408042088     
          10          25   2.3876855664481762     
          11          25   3.2985802196732554     
          12          25   3.9140546356205252     
          13          25   3.7989440009854807     
          14          25   2.9667207055866220     
          15          25   1.8935603844163005     
          16          25   1.2096599831972130     
          17          25   1.2886588314382821     
          18          25   2.0239094136823406     
          19          25   2.9335841683306922     
          20          25   3.4966587592633163     
          21          25   3.4723021288031601     
          22          25   2.9961953154525967     
          23          25   2.4270079669747591     
          24          25   2.0872456715207810     
          25          25   2.0851179649014067     
          26          25   2.3111228293429367     
          27          25   2.5668430256569117     
          28          25   2.7083812936567577     
          29          25   2.7102113554694509     
 
           1          26   2.7341648489925023     
           2          26   2.5608132593893527     
           3          26   2.5853764541165924     
           4          26   2.7634299640913365     
           5          26   2.8276248468648078     
           6          26   2.5547046185326447     
           7          26   2.0345837018219965     
           8          26   1.6692562231340364     
           9          26   1.8582108883645945     
          10          26   2.6221788684769156     
          11          26   3.5052115124457339     
          12          26   3.8779222816879866     
          13          26   3.4203392036911504     
          14          26   2.3933487376598230     
          15          26   1.4683391168874544     
          16          26   1.2423630243897756     
          17          26   1.8173427915589175     
          18          26   2.7595879461147641     
          19          26   3.4445798787767989     
          20          26   3.4990429862837504     
          21          26   3.0099544316397826     
          22          26   2.3853567674584646     
          23          26   2.0241187508196536     
          24          26   2.0622497730499920     
          25          26   2.3546638971326055     
          26          26   2.6477606030839462     
          27          26   2.7737505630603931     
          28          26   2.7276374771623848     
          29          26   2.6108824670748270     
 
           1          27   2.6928881195323240     
           2          27   2.5619226297209141     
           3          27   2.6176911300936863     
           4          27   2.8175730791999465     
           5          27   2.8727102088206449     
           6          27   2.5547046185326447     
           7          27   2.0017290761104292     
           8          27   1.6826559035117692     
           9          27   1.9931262087166419     
          10          27   2.8394724403538376     
          11          27   3.6268926733288875     
          12          27   3.7169738172269584     
          13          27   2.9751001515656128     
          14          27   1.9182754211565027     
          15          27   1.3163978811224482     
          16          27   1.5827662744775848     
          17          27   2.4688387823220248     
          18          27   3.2999161969907647     
          19          27   3.5210820210690521     
          20          27   3.0880845304020745     
          21          27   2.4169652340717542     
          22          27   1.9995660756689435     
          23          27   2.0391957440990822     
          24          27   2.3784878202091955     
          25          27   2.7067079394220013     
          26          27   2.8207218823235443     
          27          27   2.7304884873278432     
          28          27   2.5773804343382172     
          29          27   2.4864190929763876     
 
           1          28   2.6353636282534585     
           2          28   2.5387284878881426     
           3          28   2.6262396470191480     
           4          28   2.8540795777908450     
           5          28   2.9084785274245415     
           6          28   2.5547046185326447     
           7          28   1.9809830405505535     
           8          28   1.7183678506633941     
           9          28   2.1403343064055305     
          10          28   3.0241304500169939     
          11          28   3.6588456036965931     
          12          28   3.4617675013163347     
          13          28   2.5346486722248267     
          14          28   1.6126386401457828     
          15          28   1.4318471239034247     
          16          28   2.0983078604235410     
          17          28   3.0302307888729456     
          18          28   3.4935261959620805     
          19          28   3.2135873010690656     
          20          28   2.5289402428431833     
          21          28   2.0196256966266493     
          22          28   2.0076434345450194     
          23          28   2.3675438732942653     
          24          28   2.7360179410274199     
          25          28   2.8542622881836910     
          26          28   2.7309361948411537     
          27          28   2.5458789595503148     
          28          28   2.4526412546271228     
          29          28   2.4726585860838841     
 
           1          29   2.5765799209859228     
           2          29   2.5006937818161257     
           3          29   2.6147627646306923     
           4          29   2.8729992363348500     
           5          29   2.9340540357418994     
           6          29   2.5547046185326447     
           7          29   1.9725536216787423     
           8          29   1.7731961169655215     
           9          29   2.2899834281194797     
          10          29   3.1648992810713832     
          11          29   3.6066563257602726     
          12          29   3.1525247115289714     
          13          29   2.1617976422332941     
          14          29   1.5063184181491605     
          15          29   1.7489621751907147     
          16          29   2.6297375180227092     
          17          29   3.3510449626308749     
          18          29   3.3388019826132607     
          19          29   2.7191749106678866     
          20          29   2.1028480159367642     
          21          29   1.9757784573828250     
          22          29   2.3151274096494778     
          23          29   2.7289037058815429     
          24          29   2.8781105654035599     
          25          29   2.7398847472152683     
          26          29   2.5251978626592693     
          27          29   2.4256456508038160     
          28          29   2.4643965659800458     
          29          29   2.5452280267666083     
 
